1298
1337
1342
1345
1352
1353
1354
1368
1369
1377
1378
1390
1398
1399
1407
1411
1418
1419
1420
1422
1425
1427
1438
1440
1442
1473
1478
1487
1505
1508
1514
1519
1557
1569
1604
1630
1643
1656
1669
1671
1681
1706
1723
1727
1735
1738
1764
1766
1778
1781
1825
1832
1874
1875
1891
1892
1902
1906
1908
1922
1925
1967
2005
2014
2038
2065
2071
2100
2106
2113
2143
2159
2164
2175
2176
2224
2225
2233
2234
2249
2263
2271
2272
2291
2299
2306
2331
2351
2365
2377
2385
2395
2408
2422
2451
2456
2467
2515
2527
2568
2674
2698
2702
2707
2710
2729
2739
2764
2815
2818
2819
2826
2834
2861
2873
2879
2893
3013
3051
3091
3202
3203
3279
3416
3453
